Finished training cen_best:
	CoxnetSurvivalAnalysis(alpha_min_ratio=0.1, alphas=[0.17921236669033763])
Predictions: [-0.05545894  0.00919898  0.01425789 -0.05545894  0.00528328  0.00980653
  0.02725486  0.0045608   0.00653823  0.00546651  0.02486197  0.0140458
  0.01061763 -0.05545894  0.00648022  0.00932145 -0.05545894  0.01089943
  0.0176679  -0.05545894  0.01675777 -0.05545894  0.01049859  0.01465974
  0.01673884 -0.05545894  0.02311229  0.010185    0.01543069  0.01875353
  0.02709885 -0.05545894  0.00811739 -0.05545894  0.01846088  0.01982517
  0.02628383  0.02051423  0.00669045  0.0082595   0.01271357  0.0050046
  0.00450745 -0.00166435  0.01456026  0.00084256  0.01866642  0.01793585
 -0.05545894  0.01102739  0.00749467  0.01072182 -0.05545894 -0.00129303
  0.02401926  0.00923721  0.00713092  0.02363509  0.01709405 -0.05545894
  0.01489767  0.00475193  0.02801202  0.02015691  0.01676285  0.02528481]
Concordance index: 0.5271604938271605
Beginning cross validation
Cross validation scores: [0.5        0.40104167 0.5        0.5        0.5        0.5
 0.5        0.5        0.5        0.5       ]
Cross validation description:
	mean=0.4901041666666667 
	std=0.0296875 
	min=0.4010416666666667 
	max=0.5

Finished training cen_best:
	CoxnetSurvivalAnalysis(alpha_min_ratio=0.1, alphas=[0.02853567678349578])
Predictions: [-0.23316149 -0.43854101  0.3624391   0.13652163  0.03383188  0.35181809
 -0.08634222 -0.06885788  0.08482472  0.3624391   0.03383188 -0.17154764
  0.15705959  0.21867344  0.19813549 -0.16849403 -0.21262354 -0.33585125
  0.2011891   0.05436983  0.01634753  0.46512886  0.3213632   0.01329393
 -0.31225969 -0.19208559  0.42405295 -0.25064583  0.05436983 -0.23316149
  0.03383188  0.4750458   0.34190115  0.07490778 -0.1616307   0.3624391
 -0.3153133   0.15705959 -0.21262354  0.13652163  0.42405295  0.17759754
 -0.17154764  0.25974934  0.46818247 -0.02778198  0.07490778  0.09849934
  0.05742344  0.21867344  0.21867344 -0.35333559  0.2011891  -0.33585125
  0.18065115  0.58835656  0.42405295 -0.33279764  0.48566681  0.3624391
  0.21867344 -0.25369944 -0.19208559  0.01634753 -0.17154764 -0.18903198]
Concordance index: 0.6172839506172839
Beginning cross validation
Cross validation scores: [0.7125     0.61458333 0.76190476 0.75       0.72123894 0.60550459
 0.38636364 0.44623656 0.68539326 0.09090909]
Cross validation description:
	mean=0.5774634165286634 
	std=0.20173783336044537 
	min=0.09090909090909091 
	max=0.7619047619047619

